xxxxxxxxxxxxxxxxxxxxxxxxxxxxx
0
0
0
0
0
0
0
0
0
0
0
0
0
0
0
0
0
0
0
0
0
0
0
0
0
0
0
0
0
0
0
0
0
0
0
0
0
0
0
0
0
0
0
0
0
0
0
0
0
0
0
0
0
110001110001
110001110001
110001110001
110001110001
111
111
111
111
111
111
1010101011011
1010101011011
1010101011011
10011
10011
10011
10011
10011
10011
10011
10011
10011
1010101100111
1010101100111
1010101100111
11111
11111
11111
11111
11111
11111
11111
11111
11111
11111
11100111011
11100111011
11100111011
101011001101
101011001101
101011001101
1110110111
1110110111
1110110111
101011
101011
101011
